# start end traffic_light_at_end length
# Irregular city: 28 nodes; generation seed 42
1 4 0 27.99
1 4 0 27.99
1 4 0 27.99
1 4 0 27.99
4 1 1 27.99
4 1 1 27.99
4 1 1 27.99
4 1 1 27.99
1 5 0 12.5
1 5 0 12.5
5 1 1 12.5
5 1 1 12.5
1 9 0 11.28
1 9 0 11.28
9 1 1 11.28
9 1 1 11.28
1 23 1 20.23
1 23 1 20.23
23 1 1 20.23
23 1 1 20.23
2 11 1 13.92
11 2 0 13.92
2 23 1 18.62
23 2 0 18.62
3 10 0 30
10 3 0 30
4 9 0 17.96
4 9 0 17.96
4 9 0 17.96
4 9 0 17.96
9 4 0 17.96
9 4 0 17.96
9 4 0 17.96
9 4 0 17.96
4 13 1 20.76
4 13 1 20.76
4 13 1 20.76
4 13 1 20.76
13 4 0 20.76
13 4 0 20.76
13 4 0 20.76
13 4 0 20.76
4 25 1 18.7
4 25 1 18.7
25 4 0 18.7
25 4 0 18.7
4 25 1 18.7
4 25 1 18.7
25 4 0 18.7
25 4 0 18.7
5 11 1 15.38
5 11 1 15.38
11 5 0 15.38
11 5 0 15.38
5 23 1 15.76
5 23 1 15.76
23 5 0 15.76
23 5 0 15.76
5 27 0 31.37
5 27 0 31.37
27 5 0 31.37
27 5 0 31.37
6 18 0 25.46
18 6 0 25.46
6 19 1 22.59
6 19 1 22.59
19 6 0 22.59
19 6 0 22.59
6 20 0 18
6 20 0 18
20 6 0 18
20 6 0 18
6 24 0 16.32
24 6 0 16.32
7 12 1 16.58
7 12 1 16.58
12 7 0 16.58
12 7 0 16.58
7 13 1 16.11
7 13 1 16.11
13 7 0 16.11
13 7 0 16.11
7 17 1 13.87
7 17 1 13.87
17 7 0 13.87
17 7 0 13.87
7 21 0 30.94
21 7 0 30.94
8 27 0 23.64
27 8 0 23.64
9 23 1 14.64
9 23 1 14.64
23 9 0 14.64
23 9 0 14.64
10 14 1 15.93
14 10 0 15.93
11 16 0 29.2
16 11 1 29.2
12 21 0 20.88
21 12 1 20.88
12 25 1 19.24
12 25 1 19.24
25 12 1 19.24
25 12 1 19.24
12 26 1 11.3
12 26 1 11.3
26 12 1 11.3
26 12 1 11.3
13 17 1 16.07
13 17 1 16.07
17 13 1 16.07
17 13 1 16.07
13 20 0 21.19
13 20 0 21.19
20 13 1 21.19
20 13 1 21.19
14 25 1 14.57
14 25 1 14.57
25 14 1 14.57
25 14 1 14.57

14 26 1 36
14 26 1 36
26 14 1 36
26 14 1 36

10 26 0 20.23
10 26 0 20.23
26 10 0 20.23
26 10 0 20.23


9 13 0 25
9 13 0 25
13 9 0 25
13 9 0 25

5 3 0 300
5 3 0 300
5 3 0 300
5 3 0 300
5 3 0 300
5 3 0 300
3 5 0 300
3 5 0 300
3 5 0 300
3 5 0 300
3 5 0 300
3 5 0 300


15 22 1 16.07
22 15 0 16.07
15 28 0 19.2
28 15 0 19.2
17 19 1 25.44
17 19 1 25.44
19 17 1 25.44
19 17 1 25.44
17 20 0 15.26
17 20 0 15.26
20 17 1 15.26
20 17 1 15.26
19 20 0 14.89
19 20 0 14.89
20 19 1 14.89
20 19 1 14.89
19 24 0 18.06
24 19 1 18.06
22 27 0 25.78
22 27 0 25.78
27 22 1 25.78
27 22 1 25.78
22 28 0 11.57
28 22 1 11.57
25 26 1 15.5
25 26 1 15.5
26 25 1 15.5
26 25 1 15.5
